A=[150	40	243
   85	85	236
   150	155	220.5
   145	50	159
   130	150	230
   0	0	52]